(kicad_pcb (version 20171130) (host pcbnew 5.0-dev-unknown-d043ef5~62~ubuntu18.04.1)

  (general
    (thickness 1.6)
    (drawings 0)
    (tracks 125)
    (zones 0)
    (modules 27)
    (nets 30)
  )

  (page A4)
  (layers
    (0 F.Cu signal)
    (31 B.Cu signal)
    (32 B.Adhes user)
    (33 F.Adhes user)
    (34 B.Paste user)
    (35 F.Paste user)
    (36 B.SilkS user)
    (37 F.SilkS user)
    (38 B.Mask user)
    (39 F.Mask user)
    (40 Dwgs.User user)
    (41 Cmts.User user)
    (42 Eco1.User user)
    (43 Eco2.User user)
    (44 Edge.Cuts user)
    (45 Margin user)
    (46 B.CrtYd user)
    (47 F.CrtYd user)
    (48 B.Fab user)
    (49 F.Fab user)
  )

  (setup
    (last_trace_width 0.5)
    (trace_clearance 0.2)
    (zone_clearance 0.508)
    (zone_45_only no)
    (trace_min 0.2)
    (segment_width 0.2)
    (edge_width 0.15)
    (via_size 0.8)
    (via_drill 0.4)
    (via_min_size 0.4)
    (via_min_drill 0.3)
    (uvia_size 0.3)
    (uvia_drill 0.1)
    (uvias_allowed no)
    (uvia_min_size 0.2)
    (uvia_min_drill 0.1)
    (pcb_text_width 0.3)
    (pcb_text_size 1.5 1.5)
    (mod_edge_width 0.15)
    (mod_text_size 1 1)
    (mod_text_width 0.15)
    (pad_size 1 1)
    (pad_drill 0.6)
    (pad_to_mask_clearance 0.2)
    (aux_axis_origin 0 0)
    (visible_elements FFFFFF7F)
    (pcbplotparams
      (layerselection 0x010fc_ffffffff)
      (usegerberextensions false)
      (usegerberattributes false)
      (usegerberadvancedattributes false)
      (creategerberjobfile false)
      (excludeedgelayer true)
      (linewidth 0.100000)
      (plotframeref false)
      (viasonmask false)
      (mode 1)
      (useauxorigin false)
      (hpglpennumber 1)
      (hpglpenspeed 20)
      (hpglpendiameter 15)
      (psnegative false)
      (psa4output false)
      (plotreference true)
      (plotvalue true)
      (plotinvisibletext false)
      (padsonsilk false)
      (subtractmaskfromsilk false)
      (outputformat 1)
      (mirror false)
      (drillshape 1)
      (scaleselection 1)
      (outputdirectory ""))
  )

  (net 0 "")
  (net 1 DirXOut)
  (net 2 Earth)
  (net 3 StepYOut)
  (net 4 DirYOut)
  (net 5 StepZOut)
  (net 6 DirZOut)
  (net 7 StepperENOut)
  (net 8 StepXOut)
  (net 9 DirY)
  (net 10 StepX)
  (net 11 DirX)
  (net 12 StepY)
  (net 13 StepZ)
  (net 14 DirZ)
  (net 15 StepperEN)
  (net 16 Probe)
  (net 17 LimitZ)
  (net 18 SpindlePWM)
  (net 19 LimitY)
  (net 20 LimitX)
  (net 21 +5V)
  (net 22 /Stell_DZ)
  (net 23 "Net-(Q1-Pad1)")
  (net 24 "Net-(Q2-Pad1)")
  (net 25 "Net-(Q3-Pad1)")
  (net 26 "Net-(Q4-Pad1)")
  (net 27 "Net-(Q5-Pad1)")
  (net 28 "Net-(Q6-Pad1)")
  (net 29 "Net-(Q7-Pad1)")

  (net_class Default "This is the default net class."
    (clearance 0.2)
    (trace_width 0.5)
    (via_dia 0.8)
    (via_drill 0.4)
    (uvia_dia 0.3)
    (uvia_drill 0.1)
    (add_net +5V)
    (add_net /Stell_DZ)
    (add_net DirX)
    (add_net DirXOut)
    (add_net DirY)
    (add_net DirYOut)
    (add_net DirZ)
    (add_net DirZOut)
    (add_net Earth)
    (add_net LimitX)
    (add_net LimitY)
    (add_net LimitZ)
    (add_net "Net-(Q1-Pad1)")
    (add_net "Net-(Q2-Pad1)")
    (add_net "Net-(Q3-Pad1)")
    (add_net "Net-(Q4-Pad1)")
    (add_net "Net-(Q5-Pad1)")
    (add_net "Net-(Q6-Pad1)")
    (add_net "Net-(Q7-Pad1)")
    (add_net Probe)
    (add_net SpindlePWM)
    (add_net StepX)
    (add_net StepXOut)
    (add_net StepY)
    (add_net StepYOut)
    (add_net StepZ)
    (add_net StepZOut)
    (add_net StepperEN)
    (add_net StepperENOut)
  )

  (module Resistors_SMD:R_2010_HandSoldering (layer F.Cu) (tedit 58E0A804) (tstamp 5A91F766)
    (at 78.232 120.802 90)
    (descr "Resistor SMD 2010, hand soldering")
    (tags "resistor 2010")
    (path /5A90E27A)
    (attr smd)
    (fp_text reference R0 (at 0 -2.25 90) (layer F.SilkS)
      (effects (font (size 1 1) (thickness 0.15)))
    )
    (fp_text value 0 (at 0 2.35 90) (layer F.Fab)
      (effects (font (size 1 1) (thickness 0.15)))
    )
    (fp_line (start 4.6 1.5) (end -4.6 1.5) (layer F.CrtYd) (width 0.05))
    (fp_line (start 4.6 1.5) (end 4.6 -1.5) (layer F.CrtYd) (width 0.05))
    (fp_line (start -4.6 -1.5) (end -4.6 1.5) (layer F.CrtYd) (width 0.05))
    (fp_line (start -4.6 -1.5) (end 4.6 -1.5) (layer F.CrtYd) (width 0.05))
    (fp_line (start -1.95 -1.48) (end 1.95 -1.48) (layer F.SilkS) (width 0.12))
    (fp_line (start 1.95 1.48) (end -1.95 1.48) (layer F.SilkS) (width 0.12))
    (fp_line (start -2.5 -1.25) (end 2.5 -1.25) (layer F.Fab) (width 0.1))
    (fp_line (start 2.5 -1.25) (end 2.5 1.25) (layer F.Fab) (width 0.1))
    (fp_line (start 2.5 1.25) (end -2.5 1.25) (layer F.Fab) (width 0.1))
    (fp_line (start -2.5 1.25) (end -2.5 -1.25) (layer F.Fab) (width 0.1))
    (fp_text user %R (at 0 0 90) (layer F.Fab)
      (effects (font (size 1 1) (thickness 0.15)))
    )
    (pad 2 smd rect (at 3.15 0 90) (size 2.4 2.5) (layers F.Cu F.Paste F.Mask))
    (pad 1 smd rect (at -3.15 0 90) (size 2.4 2.5) (layers F.Cu F.Paste F.Mask))
    (model ${KISYS3DMOD}/Resistors_SMD.3dshapes/R_2010.wrl
      (at (xyz 0 0 0))
      (scale (xyz 1 1 1))
      (rotate (xyz 0 0 0))
    )
  )

  (module Resistors_SMD:R_2010_HandSoldering (layer F.Cu) (tedit 58E0A804) (tstamp 5A91F354)
    (at 44.196 111.15 90)
    (descr "Resistor SMD 2010, hand soldering")
    (tags "resistor 2010")
    (path /5A90E27A)
    (attr smd)
    (fp_text reference R0 (at 0 -2.25 90) (layer F.SilkS)
      (effects (font (size 1 1) (thickness 0.15)))
    )
    (fp_text value 0 (at 0 2.35 90) (layer F.Fab)
      (effects (font (size 1 1) (thickness 0.15)))
    )
    (fp_text user %R (at 0 0 90) (layer F.Fab)
      (effects (font (size 1 1) (thickness 0.15)))
    )
    (fp_line (start -2.5 1.25) (end -2.5 -1.25) (layer F.Fab) (width 0.1))
    (fp_line (start 2.5 1.25) (end -2.5 1.25) (layer F.Fab) (width 0.1))
    (fp_line (start 2.5 -1.25) (end 2.5 1.25) (layer F.Fab) (width 0.1))
    (fp_line (start -2.5 -1.25) (end 2.5 -1.25) (layer F.Fab) (width 0.1))
    (fp_line (start 1.95 1.48) (end -1.95 1.48) (layer F.SilkS) (width 0.12))
    (fp_line (start -1.95 -1.48) (end 1.95 -1.48) (layer F.SilkS) (width 0.12))
    (fp_line (start -4.6 -1.5) (end 4.6 -1.5) (layer F.CrtYd) (width 0.05))
    (fp_line (start -4.6 -1.5) (end -4.6 1.5) (layer F.CrtYd) (width 0.05))
    (fp_line (start 4.6 1.5) (end 4.6 -1.5) (layer F.CrtYd) (width 0.05))
    (fp_line (start 4.6 1.5) (end -4.6 1.5) (layer F.CrtYd) (width 0.05))
    (pad 1 smd rect (at -3.15 0 90) (size 2.4 2.5) (layers F.Cu F.Paste F.Mask))
    (pad 2 smd rect (at 3.15 0 90) (size 2.4 2.5) (layers F.Cu F.Paste F.Mask))
    (model ${KISYS3DMOD}/Resistors_SMD.3dshapes/R_2010.wrl
      (at (xyz 0 0 0))
      (scale (xyz 1 1 1))
      (rotate (xyz 0 0 0))
    )
  )

  (module Capacitors_SMD:CP_Elec_8x10 (layer F.Cu) (tedit 58AA9153) (tstamp 5A915437)
    (at 117.209121 130.071757 270)
    (descr "SMT capacitor, aluminium electrolytic, 8x10")
    (path /5A923267)
    (attr smd)
    (fp_text reference C1 (at 0 5.45 270) (layer F.SilkS)
      (effects (font (size 1 1) (thickness 0.15)))
    )
    (fp_text value 1uF (at 0 -5.45 270) (layer F.Fab)
      (effects (font (size 1 1) (thickness 0.15)))
    )
    (fp_line (start 5.3 4.29) (end -5.3 4.29) (layer F.CrtYd) (width 0.05))
    (fp_line (start 5.3 4.29) (end 5.3 -4.29) (layer F.CrtYd) (width 0.05))
    (fp_line (start -5.3 -4.29) (end -5.3 4.29) (layer F.CrtYd) (width 0.05))
    (fp_line (start -5.3 -4.29) (end 5.3 -4.29) (layer F.CrtYd) (width 0.05))
    (fp_line (start -3.43 -4.19) (end 4.19 -4.19) (layer F.SilkS) (width 0.12))
    (fp_line (start -4.19 -3.43) (end -3.43 -4.19) (layer F.SilkS) (width 0.12))
    (fp_line (start -3.43 4.19) (end -4.19 3.43) (layer F.SilkS) (width 0.12))
    (fp_line (start 4.19 4.19) (end -3.43 4.19) (layer F.SilkS) (width 0.12))
    (fp_line (start -4.19 3.43) (end -4.19 1.51) (layer F.SilkS) (width 0.12))
    (fp_line (start -4.19 -3.43) (end -4.19 -1.51) (layer F.SilkS) (width 0.12))
    (fp_line (start 4.19 -4.19) (end 4.19 -1.51) (layer F.SilkS) (width 0.12))
    (fp_line (start 4.19 4.19) (end 4.19 1.51) (layer F.SilkS) (width 0.12))
    (fp_line (start 4.04 -4.04) (end -3.37 -4.04) (layer F.Fab) (width 0.1))
    (fp_line (start -3.37 -4.04) (end -4.04 -3.37) (layer F.Fab) (width 0.1))
    (fp_line (start -4.04 -3.37) (end -4.04 3.37) (layer F.Fab) (width 0.1))
    (fp_line (start -4.04 3.37) (end -3.37 4.04) (layer F.Fab) (width 0.1))
    (fp_line (start -3.37 4.04) (end 4.04 4.04) (layer F.Fab) (width 0.1))
    (fp_line (start 4.04 4.04) (end 4.04 -4.04) (layer F.Fab) (width 0.1))
    (fp_text user %R (at 0 5.45 270) (layer F.Fab)
      (effects (font (size 1 1) (thickness 0.15)))
    )
    (fp_text user + (at -4.78 3.9 270) (layer F.SilkS)
      (effects (font (size 1 1) (thickness 0.15)))
    )
    (fp_text user + (at -2.31 -0.08 270) (layer F.Fab)
      (effects (font (size 1 1) (thickness 0.15)))
    )
    (fp_circle (center 0 0) (end -0.6 3.9) (layer F.Fab) (width 0.1))
    (pad 2 smd rect (at 3.05 0 90) (size 4 2.5) (layers F.Cu F.Paste F.Mask)
      (net 2 Earth))
    (pad 1 smd rect (at -3.05 0 90) (size 4 2.5) (layers F.Cu F.Paste F.Mask)
      (net 22 /Stell_DZ))
    (model Capacitors_SMD.3dshapes/CP_Elec_8x10.wrl
      (at (xyz 0 0 0))
      (scale (xyz 1 1 1))
      (rotate (xyz 0 0 180))
    )
  )

  (module Connectors_Phoenix:PhoenixContact_MC-G_04x3.50mm_Angled (layer F.Cu) (tedit 59566E61) (tstamp 5A915456)
    (at 16.51 146.05)
    (descr "Generic Phoenix Contact connector footprint for series: MC-G; number of pins: 04; pin pitch: 3.50mm; Angled || order number: 1844236 8A 160V")
    (tags "phoenix_contact connector MC_01x04_G_3.5mm")
    (path /5A90E89C)
    (fp_text reference J1 (at 5.25 -2.8) (layer F.SilkS)
      (effects (font (size 1 1) (thickness 0.15)))
    )
    (fp_text value Conn_01x04 (at 5.25 9) (layer F.Fab)
      (effects (font (size 1 1) (thickness 0.15)))
    )
    (fp_text user %R (at 5.25 3) (layer F.Fab)
      (effects (font (size 1 1) (thickness 0.15)))
    )
    (fp_line (start 0 0) (end -0.8 -1.2) (layer F.Fab) (width 0.1))
    (fp_line (start 0.8 -1.2) (end 0 0) (layer F.Fab) (width 0.1))
    (fp_line (start -0.3 -2.6) (end 0.3 -2.6) (layer F.SilkS) (width 0.12))
    (fp_line (start 0 -2) (end -0.3 -2.6) (layer F.SilkS) (width 0.12))
    (fp_line (start 0.3 -2.6) (end 0 -2) (layer F.SilkS) (width 0.12))
    (fp_line (start 13.45 -2.3) (end -3.03 -2.3) (layer F.CrtYd) (width 0.05))
    (fp_line (start 13.45 8.5) (end 13.45 -2.3) (layer F.CrtYd) (width 0.05))
    (fp_line (start -3.03 8.5) (end 13.45 8.5) (layer F.CrtYd) (width 0.05))
    (fp_line (start -3.03 -2.3) (end -3.03 8.5) (layer F.CrtYd) (width 0.05))
    (fp_line (start -2.53 4.8) (end 13.03 4.8) (layer F.SilkS) (width 0.12))
    (fp_line (start 12.95 -1.2) (end -2.45 -1.2) (layer F.Fab) (width 0.1))
    (fp_line (start 12.95 8) (end 12.95 -1.2) (layer F.Fab) (width 0.1))
    (fp_line (start -2.45 8) (end 12.95 8) (layer F.Fab) (width 0.1))
    (fp_line (start -2.45 -1.2) (end -2.45 8) (layer F.Fab) (width 0.1))
    (fp_line (start 8.05 -1.28) (end 9.45 -1.28) (layer F.SilkS) (width 0.12))
    (fp_line (start 4.55 -1.28) (end 5.95 -1.28) (layer F.SilkS) (width 0.12))
    (fp_line (start 1.05 -1.28) (end 2.45 -1.28) (layer F.SilkS) (width 0.12))
    (fp_line (start 13.03 -1.28) (end 11.55 -1.28) (layer F.SilkS) (width 0.12))
    (fp_line (start -2.53 -1.28) (end -1.05 -1.28) (layer F.SilkS) (width 0.12))
    (fp_line (start 13.03 8.08) (end 13.03 -1.28) (layer F.SilkS) (width 0.12))
    (fp_line (start -2.53 8.08) (end 13.03 8.08) (layer F.SilkS) (width 0.12))
    (fp_line (start -2.53 -1.28) (end -2.53 8.08) (layer F.SilkS) (width 0.12))
    (pad 4 thru_hole oval (at 10.5 0) (size 1.8 3.6) (drill 1.2) (layers *.Cu *.Mask)
      (net 7 StepperENOut))
    (pad 3 thru_hole oval (at 7 0) (size 1.8 3.6) (drill 1.2) (layers *.Cu *.Mask)
      (net 1 DirXOut))
    (pad 2 thru_hole oval (at 3.5 0) (size 1.8 3.6) (drill 1.2) (layers *.Cu *.Mask)
      (net 8 StepXOut))
    (pad 1 thru_hole rect (at 0 0) (size 1.8 3.6) (drill 1.2) (layers *.Cu *.Mask)
      (net 21 +5V))
    (model ${KISYS3DMOD}/Connectors_Phoenix.3dshapes/PhoenixContact_MC-G_04x3.50mm_Angled.wrl
      (at (xyz 0 0 0))
      (scale (xyz 1 1 1))
      (rotate (xyz 0 0 0))
    )
  )

  (module Connectors_Phoenix:PhoenixContact_MC-G_04x3.50mm_Angled (layer F.Cu) (tedit 59566E61) (tstamp 5A915475)
    (at 34.29 146.05)
    (descr "Generic Phoenix Contact connector footprint for series: MC-G; number of pins: 04; pin pitch: 3.50mm; Angled || order number: 1844236 8A 160V")
    (tags "phoenix_contact connector MC_01x04_G_3.5mm")
    (path /5A90E92C)
    (fp_text reference J2 (at 5.25 -2.8) (layer F.SilkS)
      (effects (font (size 1 1) (thickness 0.15)))
    )
    (fp_text value Conn_01x04 (at 5.25 9) (layer F.Fab)
      (effects (font (size 1 1) (thickness 0.15)))
    )
    (fp_line (start -2.53 -1.28) (end -2.53 8.08) (layer F.SilkS) (width 0.12))
    (fp_line (start -2.53 8.08) (end 13.03 8.08) (layer F.SilkS) (width 0.12))
    (fp_line (start 13.03 8.08) (end 13.03 -1.28) (layer F.SilkS) (width 0.12))
    (fp_line (start -2.53 -1.28) (end -1.05 -1.28) (layer F.SilkS) (width 0.12))
    (fp_line (start 13.03 -1.28) (end 11.55 -1.28) (layer F.SilkS) (width 0.12))
    (fp_line (start 1.05 -1.28) (end 2.45 -1.28) (layer F.SilkS) (width 0.12))
    (fp_line (start 4.55 -1.28) (end 5.95 -1.28) (layer F.SilkS) (width 0.12))
    (fp_line (start 8.05 -1.28) (end 9.45 -1.28) (layer F.SilkS) (width 0.12))
    (fp_line (start -2.45 -1.2) (end -2.45 8) (layer F.Fab) (width 0.1))
    (fp_line (start -2.45 8) (end 12.95 8) (layer F.Fab) (width 0.1))
    (fp_line (start 12.95 8) (end 12.95 -1.2) (layer F.Fab) (width 0.1))
    (fp_line (start 12.95 -1.2) (end -2.45 -1.2) (layer F.Fab) (width 0.1))
    (fp_line (start -2.53 4.8) (end 13.03 4.8) (layer F.SilkS) (width 0.12))
    (fp_line (start -3.03 -2.3) (end -3.03 8.5) (layer F.CrtYd) (width 0.05))
    (fp_line (start -3.03 8.5) (end 13.45 8.5) (layer F.CrtYd) (width 0.05))
    (fp_line (start 13.45 8.5) (end 13.45 -2.3) (layer F.CrtYd) (width 0.05))
    (fp_line (start 13.45 -2.3) (end -3.03 -2.3) (layer F.CrtYd) (width 0.05))
    (fp_line (start 0.3 -2.6) (end 0 -2) (layer F.SilkS) (width 0.12))
    (fp_line (start 0 -2) (end -0.3 -2.6) (layer F.SilkS) (width 0.12))
    (fp_line (start -0.3 -2.6) (end 0.3 -2.6) (layer F.SilkS) (width 0.12))
    (fp_line (start 0.8 -1.2) (end 0 0) (layer F.Fab) (width 0.1))
    (fp_line (start 0 0) (end -0.8 -1.2) (layer F.Fab) (width 0.1))
    (fp_text user %R (at 5.25 3) (layer F.Fab)
      (effects (font (size 1 1) (thickness 0.15)))
    )
    (pad 1 thru_hole rect (at 0 0) (size 1.8 3.6) (drill 1.2) (layers *.Cu *.Mask)
      (net 21 +5V))
    (pad 2 thru_hole oval (at 3.5 0) (size 1.8 3.6) (drill 1.2) (layers *.Cu *.Mask)
      (net 3 StepYOut))
    (pad 3 thru_hole oval (at 7 0) (size 1.8 3.6) (drill 1.2) (layers *.Cu *.Mask)
      (net 4 DirYOut))
    (pad 4 thru_hole oval (at 10.5 0) (size 1.8 3.6) (drill 1.2) (layers *.Cu *.Mask)
      (net 7 StepperENOut))
    (model ${KISYS3DMOD}/Connectors_Phoenix.3dshapes/PhoenixContact_MC-G_04x3.50mm_Angled.wrl
      (at (xyz 0 0 0))
      (scale (xyz 1 1 1))
      (rotate (xyz 0 0 0))
    )
  )

  (module Connectors_Phoenix:PhoenixContact_MC-G_04x3.50mm_Angled (layer F.Cu) (tedit 59566E61) (tstamp 5A915494)
    (at 52.07 146.05)
    (descr "Generic Phoenix Contact connector footprint for series: MC-G; number of pins: 04; pin pitch: 3.50mm; Angled || order number: 1844236 8A 160V")
    (tags "phoenix_contact connector MC_01x04_G_3.5mm")
    (path /5A90E984)
    (fp_text reference J3 (at 5.25 -2.8) (layer F.SilkS)
      (effects (font (size 1 1) (thickness 0.15)))
    )
    (fp_text value Conn_01x04 (at 5.25 9) (layer F.Fab)
      (effects (font (size 1 1) (thickness 0.15)))
    )
    (fp_text user %R (at 5.25 3) (layer F.Fab)
      (effects (font (size 1 1) (thickness 0.15)))
    )
    (fp_line (start 0 0) (end -0.8 -1.2) (layer F.Fab) (width 0.1))
    (fp_line (start 0.8 -1.2) (end 0 0) (layer F.Fab) (width 0.1))
    (fp_line (start -0.3 -2.6) (end 0.3 -2.6) (layer F.SilkS) (width 0.12))
    (fp_line (start 0 -2) (end -0.3 -2.6) (layer F.SilkS) (width 0.12))
    (fp_line (start 0.3 -2.6) (end 0 -2) (layer F.SilkS) (width 0.12))
    (fp_line (start 13.45 -2.3) (end -3.03 -2.3) (layer F.CrtYd) (width 0.05))
    (fp_line (start 13.45 8.5) (end 13.45 -2.3) (layer F.CrtYd) (width 0.05))
    (fp_line (start -3.03 8.5) (end 13.45 8.5) (layer F.CrtYd) (width 0.05))
    (fp_line (start -3.03 -2.3) (end -3.03 8.5) (layer F.CrtYd) (width 0.05))
    (fp_line (start -2.53 4.8) (end 13.03 4.8) (layer F.SilkS) (width 0.12))
    (fp_line (start 12.95 -1.2) (end -2.45 -1.2) (layer F.Fab) (width 0.1))
    (fp_line (start 12.95 8) (end 12.95 -1.2) (layer F.Fab) (width 0.1))
    (fp_line (start -2.45 8) (end 12.95 8) (layer F.Fab) (width 0.1))
    (fp_line (start -2.45 -1.2) (end -2.45 8) (layer F.Fab) (width 0.1))
    (fp_line (start 8.05 -1.28) (end 9.45 -1.28) (layer F.SilkS) (width 0.12))
    (fp_line (start 4.55 -1.28) (end 5.95 -1.28) (layer F.SilkS) (width 0.12))
    (fp_line (start 1.05 -1.28) (end 2.45 -1.28) (layer F.SilkS) (width 0.12))
    (fp_line (start 13.03 -1.28) (end 11.55 -1.28) (layer F.SilkS) (width 0.12))
    (fp_line (start -2.53 -1.28) (end -1.05 -1.28) (layer F.SilkS) (width 0.12))
    (fp_line (start 13.03 8.08) (end 13.03 -1.28) (layer F.SilkS) (width 0.12))
    (fp_line (start -2.53 8.08) (end 13.03 8.08) (layer F.SilkS) (width 0.12))
    (fp_line (start -2.53 -1.28) (end -2.53 8.08) (layer F.SilkS) (width 0.12))
    (pad 4 thru_hole oval (at 10.5 0) (size 1.8 3.6) (drill 1.2) (layers *.Cu *.Mask)
      (net 7 StepperENOut))
    (pad 3 thru_hole oval (at 7 0) (size 1.8 3.6) (drill 1.2) (layers *.Cu *.Mask)
      (net 6 DirZOut))
    (pad 2 thru_hole oval (at 3.5 0) (size 1.8 3.6) (drill 1.2) (layers *.Cu *.Mask)
      (net 5 StepZOut))
    (pad 1 thru_hole rect (at 0 0) (size 1.8 3.6) (drill 1.2) (layers *.Cu *.Mask)
      (net 21 +5V))
    (model ${KISYS3DMOD}/Connectors_Phoenix.3dshapes/PhoenixContact_MC-G_04x3.50mm_Angled.wrl
      (at (xyz 0 0 0))
      (scale (xyz 1 1 1))
      (rotate (xyz 0 0 0))
    )
  )

  (module Connectors_Phoenix:PhoenixContact_MC-G_04x3.50mm_Angled (layer F.Cu) (tedit 59566E61) (tstamp 5A9154B3)
    (at 73.66 81.28 180)
    (descr "Generic Phoenix Contact connector footprint for series: MC-G; number of pins: 04; pin pitch: 3.50mm; Angled || order number: 1844236 8A 160V")
    (tags "phoenix_contact connector MC_01x04_G_3.5mm")
    (path /5A90E9EA)
    (fp_text reference J4 (at 5.25 -2.8 180) (layer F.SilkS)
      (effects (font (size 1 1) (thickness 0.15)))
    )
    (fp_text value Conn_01x04 (at 5.25 9 180) (layer F.Fab)
      (effects (font (size 1 1) (thickness 0.15)))
    )
    (fp_line (start -2.53 -1.28) (end -2.53 8.08) (layer F.SilkS) (width 0.12))
    (fp_line (start -2.53 8.08) (end 13.03 8.08) (layer F.SilkS) (width 0.12))
    (fp_line (start 13.03 8.08) (end 13.03 -1.28) (layer F.SilkS) (width 0.12))
    (fp_line (start -2.53 -1.28) (end -1.05 -1.28) (layer F.SilkS) (width 0.12))
    (fp_line (start 13.03 -1.28) (end 11.55 -1.28) (layer F.SilkS) (width 0.12))
    (fp_line (start 1.05 -1.28) (end 2.45 -1.28) (layer F.SilkS) (width 0.12))
    (fp_line (start 4.55 -1.28) (end 5.95 -1.28) (layer F.SilkS) (width 0.12))
    (fp_line (start 8.05 -1.28) (end 9.45 -1.28) (layer F.SilkS) (width 0.12))
    (fp_line (start -2.45 -1.2) (end -2.45 8) (layer F.Fab) (width 0.1))
    (fp_line (start -2.45 8) (end 12.95 8) (layer F.Fab) (width 0.1))
    (fp_line (start 12.95 8) (end 12.95 -1.2) (layer F.Fab) (width 0.1))
    (fp_line (start 12.95 -1.2) (end -2.45 -1.2) (layer F.Fab) (width 0.1))
    (fp_line (start -2.53 4.8) (end 13.03 4.8) (layer F.SilkS) (width 0.12))
    (fp_line (start -3.03 -2.3) (end -3.03 8.5) (layer F.CrtYd) (width 0.05))
    (fp_line (start -3.03 8.5) (end 13.45 8.5) (layer F.CrtYd) (width 0.05))
    (fp_line (start 13.45 8.5) (end 13.45 -2.3) (layer F.CrtYd) (width 0.05))
    (fp_line (start 13.45 -2.3) (end -3.03 -2.3) (layer F.CrtYd) (width 0.05))
    (fp_line (start 0.3 -2.6) (end 0 -2) (layer F.SilkS) (width 0.12))
    (fp_line (start 0 -2) (end -0.3 -2.6) (layer F.SilkS) (width 0.12))
    (fp_line (start -0.3 -2.6) (end 0.3 -2.6) (layer F.SilkS) (width 0.12))
    (fp_line (start 0.8 -1.2) (end 0 0) (layer F.Fab) (width 0.1))
    (fp_line (start 0 0) (end -0.8 -1.2) (layer F.Fab) (width 0.1))
    (fp_text user %R (at 5.25 3 180) (layer F.Fab)
      (effects (font (size 1 1) (thickness 0.15)))
    )
    (pad 1 thru_hole rect (at 0 0 180) (size 1.8 3.6) (drill 1.2) (layers *.Cu *.Mask)
      (net 2 Earth))
    (pad 2 thru_hole oval (at 3.5 0 180) (size 1.8 3.6) (drill 1.2) (layers *.Cu *.Mask)
      (net 2 Earth))
    (pad 3 thru_hole oval (at 7 0 180) (size 1.8 3.6) (drill 1.2) (layers *.Cu *.Mask)
      (net 16 Probe))
    (pad 4 thru_hole oval (at 10.5 0 180) (size 1.8 3.6) (drill 1.2) (layers *.Cu *.Mask))
    (model ${KISYS3DMOD}/Connectors_Phoenix.3dshapes/PhoenixContact_MC-G_04x3.50mm_Angled.wrl
      (at (xyz 0 0 0))
      (scale (xyz 1 1 1))
      (rotate (xyz 0 0 0))
    )
  )

  (module Connectors_Phoenix:PhoenixContact_MC-G_06x3.50mm_Angled (layer F.Cu) (tedit 59566E61) (tstamp 5A9154D6)
    (at 87.29 146.05)
    (descr "Generic Phoenix Contact connector footprint for series: MC-G; number of pins: 06; pin pitch: 3.50mm; Angled || order number: 1844252 8A 160V")
    (tags "phoenix_contact connector MC_01x06_G_3.5mm")
    (path /5A90E661)
    (fp_text reference J5 (at 8.75 -2.8) (layer F.SilkS)
      (effects (font (size 1 1) (thickness 0.15)))
    )
    (fp_text value Conn_01x06 (at 8.75 9) (layer F.Fab)
      (effects (font (size 1 1) (thickness 0.15)))
    )
    (fp_text user %R (at 8.89 3) (layer F.Fab)
      (effects (font (size 1 1) (thickness 0.15)))
    )
    (fp_line (start 0 0) (end -0.8 -1.2) (layer F.Fab) (width 0.1))
    (fp_line (start 0.8 -1.2) (end 0 0) (layer F.Fab) (width 0.1))
    (fp_line (start -0.3 -2.6) (end 0.3 -2.6) (layer F.SilkS) (width 0.12))
    (fp_line (start 0 -2) (end -0.3 -2.6) (layer F.SilkS) (width 0.12))
    (fp_line (start 0.3 -2.6) (end 0 -2) (layer F.SilkS) (width 0.12))
    (fp_line (start 20.45 -2.3) (end -3.03 -2.3) (layer F.CrtYd) (width 0.05))
    (fp_line (start 20.45 8.5) (end 20.45 -2.3) (layer F.CrtYd) (width 0.05))
    (fp_line (start -3.03 8.5) (end 20.45 8.5) (layer F.CrtYd) (width 0.05))
    (fp_line (start -3.03 -2.3) (end -3.03 8.5) (layer F.CrtYd) (width 0.05))
    (fp_line (start -2.53 4.8) (end 20.03 4.8) (layer F.SilkS) (width 0.12))
    (fp_line (start 19.95 -1.2) (end -2.45 -1.2) (layer F.Fab) (width 0.1))
    (fp_line (start 19.95 8) (end 19.95 -1.2) (layer F.Fab) (width 0.1))
    (fp_line (start -2.45 8) (end 19.95 8) (layer F.Fab) (width 0.1))
    (fp_line (start -2.45 -1.2) (end -2.45 8) (layer F.Fab) (width 0.1))
    (fp_line (start 15.05 -1.28) (end 16.45 -1.28) (layer F.SilkS) (width 0.12))
    (fp_line (start 11.55 -1.28) (end 12.95 -1.28) (layer F.SilkS) (width 0.12))
    (fp_line (start 8.05 -1.28) (end 9.45 -1.28) (layer F.SilkS) (width 0.12))
    (fp_line (start 4.55 -1.28) (end 5.95 -1.28) (layer F.SilkS) (width 0.12))
    (fp_line (start 1.05 -1.28) (end 2.45 -1.28) (layer F.SilkS) (width 0.12))
    (fp_line (start 20.03 -1.28) (end 18.55 -1.28) (layer F.SilkS) (width 0.12))
    (fp_line (start -2.53 -1.28) (end -1.05 -1.28) (layer F.SilkS) (width 0.12))
    (fp_line (start 20.03 8.08) (end 20.03 -1.28) (layer F.SilkS) (width 0.12))
    (fp_line (start -2.53 8.08) (end 20.03 8.08) (layer F.SilkS) (width 0.12))
    (fp_line (start -2.53 -1.28) (end -2.53 8.08) (layer F.SilkS) (width 0.12))
    (pad 6 thru_hole oval (at 17.5 0) (size 1.8 3.6) (drill 1.2) (layers *.Cu *.Mask)
      (net 2 Earth))
    (pad 5 thru_hole oval (at 14 0) (size 1.8 3.6) (drill 1.2) (layers *.Cu *.Mask)
      (net 2 Earth))
    (pad 4 thru_hole oval (at 10.5 0) (size 1.8 3.6) (drill 1.2) (layers *.Cu *.Mask)
      (net 21 +5V))
    (pad 3 thru_hole oval (at 7 0) (size 1.8 3.6) (drill 1.2) (layers *.Cu *.Mask)
      (net 20 LimitX))
    (pad 2 thru_hole oval (at 3.5 0) (size 1.8 3.6) (drill 1.2) (layers *.Cu *.Mask)
      (net 19 LimitY))
    (pad 1 thru_hole rect (at 0 0) (size 1.8 3.6) (drill 1.2) (layers *.Cu *.Mask)
      (net 17 LimitZ))
    (model ${KISYS3DMOD}/Connectors_Phoenix.3dshapes/PhoenixContact_MC-G_06x3.50mm_Angled.wrl
      (at (xyz 0 0 0))
      (scale (xyz 1 1 1))
      (rotate (xyz 0 0 0))
    )
  )

  (module Connectors_Phoenix:PhoenixContact_MC-G_04x3.50mm_Angled (layer F.Cu) (tedit 59566E61) (tstamp 5A9154F5)
    (at 111.76 146.05)
    (descr "Generic Phoenix Contact connector footprint for series: MC-G; number of pins: 04; pin pitch: 3.50mm; Angled || order number: 1844236 8A 160V")
    (tags "phoenix_contact connector MC_01x04_G_3.5mm")
    (path /5A93B738)
    (fp_text reference J6 (at 5.25 -2.8) (layer F.SilkS)
      (effects (font (size 1 1) (thickness 0.15)))
    )
    (fp_text value Conn_01x04 (at 5.25 9) (layer F.Fab)
      (effects (font (size 1 1) (thickness 0.15)))
    )
    (fp_text user %R (at 5.25 3) (layer F.Fab)
      (effects (font (size 1 1) (thickness 0.15)))
    )
    (fp_line (start 0 0) (end -0.8 -1.2) (layer F.Fab) (width 0.1))
    (fp_line (start 0.8 -1.2) (end 0 0) (layer F.Fab) (width 0.1))
    (fp_line (start -0.3 -2.6) (end 0.3 -2.6) (layer F.SilkS) (width 0.12))
    (fp_line (start 0 -2) (end -0.3 -2.6) (layer F.SilkS) (width 0.12))
    (fp_line (start 0.3 -2.6) (end 0 -2) (layer F.SilkS) (width 0.12))
    (fp_line (start 13.45 -2.3) (end -3.03 -2.3) (layer F.CrtYd) (width 0.05))
    (fp_line (start 13.45 8.5) (end 13.45 -2.3) (layer F.CrtYd) (width 0.05))
    (fp_line (start -3.03 8.5) (end 13.45 8.5) (layer F.CrtYd) (width 0.05))
    (fp_line (start -3.03 -2.3) (end -3.03 8.5) (layer F.CrtYd) (width 0.05))
    (fp_line (start -2.53 4.8) (end 13.03 4.8) (layer F.SilkS) (width 0.12))
    (fp_line (start 12.95 -1.2) (end -2.45 -1.2) (layer F.Fab) (width 0.1))
    (fp_line (start 12.95 8) (end 12.95 -1.2) (layer F.Fab) (width 0.1))
    (fp_line (start -2.45 8) (end 12.95 8) (layer F.Fab) (width 0.1))
    (fp_line (start -2.45 -1.2) (end -2.45 8) (layer F.Fab) (width 0.1))
    (fp_line (start 8.05 -1.28) (end 9.45 -1.28) (layer F.SilkS) (width 0.12))
    (fp_line (start 4.55 -1.28) (end 5.95 -1.28) (layer F.SilkS) (width 0.12))
    (fp_line (start 1.05 -1.28) (end 2.45 -1.28) (layer F.SilkS) (width 0.12))
    (fp_line (start 13.03 -1.28) (end 11.55 -1.28) (layer F.SilkS) (width 0.12))
    (fp_line (start -2.53 -1.28) (end -1.05 -1.28) (layer F.SilkS) (width 0.12))
    (fp_line (start 13.03 8.08) (end 13.03 -1.28) (layer F.SilkS) (width 0.12))
    (fp_line (start -2.53 8.08) (end 13.03 8.08) (layer F.SilkS) (width 0.12))
    (fp_line (start -2.53 -1.28) (end -2.53 8.08) (layer F.SilkS) (width 0.12))
    (pad 4 thru_hole oval (at 10.5 0) (size 1.8 3.6) (drill 1.2) (layers *.Cu *.Mask)
      (net 2 Earth))
    (pad 3 thru_hole oval (at 7 0) (size 1.8 3.6) (drill 1.2) (layers *.Cu *.Mask))
    (pad 2 thru_hole oval (at 3.5 0) (size 1.8 3.6) (drill 1.2) (layers *.Cu *.Mask))
    (pad 1 thru_hole rect (at 0 0) (size 1.8 3.6) (drill 1.2) (layers *.Cu *.Mask)
      (net 22 /Stell_DZ))
    (model ${KISYS3DMOD}/Connectors_Phoenix.3dshapes/PhoenixContact_MC-G_04x3.50mm_Angled.wrl
      (at (xyz 0 0 0))
      (scale (xyz 1 1 1))
      (rotate (xyz 0 0 0))
    )
  )

  (module Resistors_SMD:R_1206_HandSoldering (layer F.Cu) (tedit 58E0A804) (tstamp 5A91DED3)
    (at 18.425 128.81 90)
    (descr "Resistor SMD 1206, hand soldering")
    (tags "resistor 1206")
    (path /5A90DF57)
    (attr smd)
    (fp_text reference R1 (at 0 -1.85 90) (layer F.SilkS)
      (effects (font (size 1 1) (thickness 0.15)))
    )
    (fp_text value 10k (at 0 1.9 90) (layer F.Fab)
      (effects (font (size 1 1) (thickness 0.15)))
    )
    (fp_line (start 3.25 1.1) (end -3.25 1.1) (layer F.CrtYd) (width 0.05))
    (fp_line (start 3.25 1.1) (end 3.25 -1.11) (layer F.CrtYd) (width 0.05))
    (fp_line (start -3.25 -1.11) (end -3.25 1.1) (layer F.CrtYd) (width 0.05))
    (fp_line (start -3.25 -1.11) (end 3.25 -1.11) (layer F.CrtYd) (width 0.05))
    (fp_line (start -1 -1.07) (end 1 -1.07) (layer F.SilkS) (width 0.12))
    (fp_line (start 1 1.07) (end -1 1.07) (layer F.SilkS) (width 0.12))
    (fp_line (start -1.6 -0.8) (end 1.6 -0.8) (layer F.Fab) (width 0.1))
    (fp_line (start 1.6 -0.8) (end 1.6 0.8) (layer F.Fab) (width 0.1))
    (fp_line (start 1.6 0.8) (end -1.6 0.8) (layer F.Fab) (width 0.1))
    (fp_line (start -1.6 0.8) (end -1.6 -0.8) (layer F.Fab) (width 0.1))
    (fp_text user %R (at 0 0 90) (layer F.Fab)
      (effects (font (size 0.7 0.7) (thickness 0.105)))
    )
    (pad 2 smd rect (at 2 0 90) (size 2 1.7) (layers F.Cu F.Paste F.Mask)
      (net 10 StepX))
    (pad 1 smd rect (at -2 0 90) (size 2 1.7) (layers F.Cu F.Paste F.Mask)
      (net 23 "Net-(Q1-Pad1)"))
    (model ${KISYS3DMOD}/Resistors_SMD.3dshapes/R_1206.wrl
      (at (xyz 0 0 0))
      (scale (xyz 1 1 1))
      (rotate (xyz 0 0 0))
    )
  )

  (module Resistors_SMD:R_1206_HandSoldering (layer F.Cu) (tedit 58E0A804) (tstamp 5A915517)
    (at 27.156666 128.81 90)
    (descr "Resistor SMD 1206, hand soldering")
    (tags "resistor 1206")
    (path /5A90E182)
    (attr smd)
    (fp_text reference R2 (at 0 -1.85 90) (layer F.SilkS)
      (effects (font (size 1 1) (thickness 0.15)))
    )
    (fp_text value 10k (at 0 1.9 90) (layer F.Fab)
      (effects (font (size 1 1) (thickness 0.15)))
    )
    (fp_text user %R (at 0 0 90) (layer F.Fab)
      (effects (font (size 0.7 0.7) (thickness 0.105)))
    )
    (fp_line (start -1.6 0.8) (end -1.6 -0.8) (layer F.Fab) (width 0.1))
    (fp_line (start 1.6 0.8) (end -1.6 0.8) (layer F.Fab) (width 0.1))
    (fp_line (start 1.6 -0.8) (end 1.6 0.8) (layer F.Fab) (width 0.1))
    (fp_line (start -1.6 -0.8) (end 1.6 -0.8) (layer F.Fab) (width 0.1))
    (fp_line (start 1 1.07) (end -1 1.07) (layer F.SilkS) (width 0.12))
    (fp_line (start -1 -1.07) (end 1 -1.07) (layer F.SilkS) (width 0.12))
    (fp_line (start -3.25 -1.11) (end 3.25 -1.11) (layer F.CrtYd) (width 0.05))
    (fp_line (start -3.25 -1.11) (end -3.25 1.1) (layer F.CrtYd) (width 0.05))
    (fp_line (start 3.25 1.1) (end 3.25 -1.11) (layer F.CrtYd) (width 0.05))
    (fp_line (start 3.25 1.1) (end -3.25 1.1) (layer F.CrtYd) (width 0.05))
    (pad 1 smd rect (at -2 0 90) (size 2 1.7) (layers F.Cu F.Paste F.Mask)
      (net 24 "Net-(Q2-Pad1)"))
    (pad 2 smd rect (at 2 0 90) (size 2 1.7) (layers F.Cu F.Paste F.Mask)
      (net 11 DirX))
    (model ${KISYS3DMOD}/Resistors_SMD.3dshapes/R_1206.wrl
      (at (xyz 0 0 0))
      (scale (xyz 1 1 1))
      (rotate (xyz 0 0 0))
    )
  )

  (module Resistors_SMD:R_1206_HandSoldering (layer F.Cu) (tedit 58E0A804) (tstamp 5A915528)
    (at 35.888332 128.81 90)
    (descr "Resistor SMD 1206, hand soldering")
    (tags "resistor 1206")
    (path /5A90E1E8)
    (attr smd)
    (fp_text reference R3 (at 0 -1.85 90) (layer F.SilkS)
      (effects (font (size 1 1) (thickness 0.15)))
    )
    (fp_text value 10k (at 0 1.9 90) (layer F.Fab)
      (effects (font (size 1 1) (thickness 0.15)))
    )
    (fp_line (start 3.25 1.1) (end -3.25 1.1) (layer F.CrtYd) (width 0.05))
    (fp_line (start 3.25 1.1) (end 3.25 -1.11) (layer F.CrtYd) (width 0.05))
    (fp_line (start -3.25 -1.11) (end -3.25 1.1) (layer F.CrtYd) (width 0.05))
    (fp_line (start -3.25 -1.11) (end 3.25 -1.11) (layer F.CrtYd) (width 0.05))
    (fp_line (start -1 -1.07) (end 1 -1.07) (layer F.SilkS) (width 0.12))
    (fp_line (start 1 1.07) (end -1 1.07) (layer F.SilkS) (width 0.12))
    (fp_line (start -1.6 -0.8) (end 1.6 -0.8) (layer F.Fab) (width 0.1))
    (fp_line (start 1.6 -0.8) (end 1.6 0.8) (layer F.Fab) (width 0.1))
    (fp_line (start 1.6 0.8) (end -1.6 0.8) (layer F.Fab) (width 0.1))
    (fp_line (start -1.6 0.8) (end -1.6 -0.8) (layer F.Fab) (width 0.1))
    (fp_text user %R (at 0 0 90) (layer F.Fab)
      (effects (font (size 0.7 0.7) (thickness 0.105)))
    )
    (pad 2 smd rect (at 2 0 90) (size 2 1.7) (layers F.Cu F.Paste F.Mask)
      (net 12 StepY))
    (pad 1 smd rect (at -2 0 90) (size 2 1.7) (layers F.Cu F.Paste F.Mask)
      (net 25 "Net-(Q3-Pad1)"))
    (model ${KISYS3DMOD}/Resistors_SMD.3dshapes/R_1206.wrl
      (at (xyz 0 0 0))
      (scale (xyz 1 1 1))
      (rotate (xyz 0 0 0))
    )
  )

  (module Resistors_SMD:R_1206_HandSoldering (layer F.Cu) (tedit 58E0A804) (tstamp 5A91EC1E)
    (at 44.619998 128.81 90)
    (descr "Resistor SMD 1206, hand soldering")
    (tags "resistor 1206")
    (path /5A90E27A)
    (attr smd)
    (fp_text reference R4 (at 0 -1.85 90) (layer F.SilkS)
      (effects (font (size 1 1) (thickness 0.15)))
    )
    (fp_text value 10k (at 0 1.9 90) (layer F.Fab)
      (effects (font (size 1 1) (thickness 0.15)))
    )
    (fp_text user %R (at 0 0 90) (layer F.Fab)
      (effects (font (size 0.7 0.7) (thickness 0.105)))
    )
    (fp_line (start -1.6 0.8) (end -1.6 -0.8) (layer F.Fab) (width 0.1))
    (fp_line (start 1.6 0.8) (end -1.6 0.8) (layer F.Fab) (width 0.1))
    (fp_line (start 1.6 -0.8) (end 1.6 0.8) (layer F.Fab) (width 0.1))
    (fp_line (start -1.6 -0.8) (end 1.6 -0.8) (layer F.Fab) (width 0.1))
    (fp_line (start 1 1.07) (end -1 1.07) (layer F.SilkS) (width 0.12))
    (fp_line (start -1 -1.07) (end 1 -1.07) (layer F.SilkS) (width 0.12))
    (fp_line (start -3.25 -1.11) (end 3.25 -1.11) (layer F.CrtYd) (width 0.05))
    (fp_line (start -3.25 -1.11) (end -3.25 1.1) (layer F.CrtYd) (width 0.05))
    (fp_line (start 3.25 1.1) (end 3.25 -1.11) (layer F.CrtYd) (width 0.05))
    (fp_line (start 3.25 1.1) (end -3.25 1.1) (layer F.CrtYd) (width 0.05))
    (pad 1 smd rect (at -2 0 90) (size 2 1.7) (layers F.Cu F.Paste F.Mask)
      (net 26 "Net-(Q4-Pad1)"))
    (pad 2 smd rect (at 2 0 90) (size 2 1.7) (layers F.Cu F.Paste F.Mask)
      (net 9 DirY))
    (model ${KISYS3DMOD}/Resistors_SMD.3dshapes/R_1206.wrl
      (at (xyz 0 0 0))
      (scale (xyz 1 1 1))
      (rotate (xyz 0 0 0))
    )
  )

  (module Resistors_SMD:R_1206_HandSoldering (layer F.Cu) (tedit 58E0A804) (tstamp 5A91554A)
    (at 53.351664 128.81 90)
    (descr "Resistor SMD 1206, hand soldering")
    (tags "resistor 1206")
    (path /5A90E2F0)
    (attr smd)
    (fp_text reference R5 (at 0 -1.85 90) (layer F.SilkS)
      (effects (font (size 1 1) (thickness 0.15)))
    )
    (fp_text value 10k (at 0 1.9 90) (layer F.Fab)
      (effects (font (size 1 1) (thickness 0.15)))
    )
    (fp_line (start 3.25 1.1) (end -3.25 1.1) (layer F.CrtYd) (width 0.05))
    (fp_line (start 3.25 1.1) (end 3.25 -1.11) (layer F.CrtYd) (width 0.05))
    (fp_line (start -3.25 -1.11) (end -3.25 1.1) (layer F.CrtYd) (width 0.05))
    (fp_line (start -3.25 -1.11) (end 3.25 -1.11) (layer F.CrtYd) (width 0.05))
    (fp_line (start -1 -1.07) (end 1 -1.07) (layer F.SilkS) (width 0.12))
    (fp_line (start 1 1.07) (end -1 1.07) (layer F.SilkS) (width 0.12))
    (fp_line (start -1.6 -0.8) (end 1.6 -0.8) (layer F.Fab) (width 0.1))
    (fp_line (start 1.6 -0.8) (end 1.6 0.8) (layer F.Fab) (width 0.1))
    (fp_line (start 1.6 0.8) (end -1.6 0.8) (layer F.Fab) (width 0.1))
    (fp_line (start -1.6 0.8) (end -1.6 -0.8) (layer F.Fab) (width 0.1))
    (fp_text user %R (at 0 0 90) (layer F.Fab)
      (effects (font (size 0.7 0.7) (thickness 0.105)))
    )
    (pad 2 smd rect (at 2 0 90) (size 2 1.7) (layers F.Cu F.Paste F.Mask)
      (net 13 StepZ))
    (pad 1 smd rect (at -2 0 90) (size 2 1.7) (layers F.Cu F.Paste F.Mask)
      (net 27 "Net-(Q5-Pad1)"))
    (model ${KISYS3DMOD}/Resistors_SMD.3dshapes/R_1206.wrl
      (at (xyz 0 0 0))
      (scale (xyz 1 1 1))
      (rotate (xyz 0 0 0))
    )
  )

  (module Resistors_SMD:R_1206_HandSoldering (layer F.Cu) (tedit 58E0A804) (tstamp 5A91555B)
    (at 62.08333 128.81 90)
    (descr "Resistor SMD 1206, hand soldering")
    (tags "resistor 1206")
    (path /5A90E35C)
    (attr smd)
    (fp_text reference R6 (at 0 -1.85 90) (layer F.SilkS)
      (effects (font (size 1 1) (thickness 0.15)))
    )
    (fp_text value 10k (at 0 1.9 90) (layer F.Fab)
      (effects (font (size 1 1) (thickness 0.15)))
    )
    (fp_text user %R (at 0 0 90) (layer F.Fab)
      (effects (font (size 0.7 0.7) (thickness 0.105)))
    )
    (fp_line (start -1.6 0.8) (end -1.6 -0.8) (layer F.Fab) (width 0.1))
    (fp_line (start 1.6 0.8) (end -1.6 0.8) (layer F.Fab) (width 0.1))
    (fp_line (start 1.6 -0.8) (end 1.6 0.8) (layer F.Fab) (width 0.1))
    (fp_line (start -1.6 -0.8) (end 1.6 -0.8) (layer F.Fab) (width 0.1))
    (fp_line (start 1 1.07) (end -1 1.07) (layer F.SilkS) (width 0.12))
    (fp_line (start -1 -1.07) (end 1 -1.07) (layer F.SilkS) (width 0.12))
    (fp_line (start -3.25 -1.11) (end 3.25 -1.11) (layer F.CrtYd) (width 0.05))
    (fp_line (start -3.25 -1.11) (end -3.25 1.1) (layer F.CrtYd) (width 0.05))
    (fp_line (start 3.25 1.1) (end 3.25 -1.11) (layer F.CrtYd) (width 0.05))
    (fp_line (start 3.25 1.1) (end -3.25 1.1) (layer F.CrtYd) (width 0.05))
    (pad 1 smd rect (at -2 0 90) (size 2 1.7) (layers F.Cu F.Paste F.Mask)
      (net 28 "Net-(Q6-Pad1)"))
    (pad 2 smd rect (at 2 0 90) (size 2 1.7) (layers F.Cu F.Paste F.Mask)
      (net 14 DirZ))
    (model ${KISYS3DMOD}/Resistors_SMD.3dshapes/R_1206.wrl
      (at (xyz 0 0 0))
      (scale (xyz 1 1 1))
      (rotate (xyz 0 0 0))
    )
  )

  (module Resistors_SMD:R_1206_HandSoldering (layer F.Cu) (tedit 58E0A804) (tstamp 5A91556C)
    (at 71.12 128.81 90)
    (descr "Resistor SMD 1206, hand soldering")
    (tags "resistor 1206")
    (path /5A90E42E)
    (attr smd)
    (fp_text reference R7 (at 0 -1.85 90) (layer F.SilkS)
      (effects (font (size 1 1) (thickness 0.15)))
    )
    (fp_text value 10k (at 0 1.9 90) (layer F.Fab)
      (effects (font (size 1 1) (thickness 0.15)))
    )
    (fp_line (start 3.25 1.1) (end -3.25 1.1) (layer F.CrtYd) (width 0.05))
    (fp_line (start 3.25 1.1) (end 3.25 -1.11) (layer F.CrtYd) (width 0.05))
    (fp_line (start -3.25 -1.11) (end -3.25 1.1) (layer F.CrtYd) (width 0.05))
    (fp_line (start -3.25 -1.11) (end 3.25 -1.11) (layer F.CrtYd) (width 0.05))
    (fp_line (start -1 -1.07) (end 1 -1.07) (layer F.SilkS) (width 0.12))
    (fp_line (start 1 1.07) (end -1 1.07) (layer F.SilkS) (width 0.12))
    (fp_line (start -1.6 -0.8) (end 1.6 -0.8) (layer F.Fab) (width 0.1))
    (fp_line (start 1.6 -0.8) (end 1.6 0.8) (layer F.Fab) (width 0.1))
    (fp_line (start 1.6 0.8) (end -1.6 0.8) (layer F.Fab) (width 0.1))
    (fp_line (start -1.6 0.8) (end -1.6 -0.8) (layer F.Fab) (width 0.1))
    (fp_text user %R (at 0 0 90) (layer F.Fab)
      (effects (font (size 0.7 0.7) (thickness 0.105)))
    )
    (pad 2 smd rect (at 2 0 90) (size 2 1.7) (layers F.Cu F.Paste F.Mask)
      (net 15 StepperEN))
    (pad 1 smd rect (at -2 0 90) (size 2 1.7) (layers F.Cu F.Paste F.Mask)
      (net 29 "Net-(Q7-Pad1)"))
    (model ${KISYS3DMOD}/Resistors_SMD.3dshapes/R_1206.wrl
      (at (xyz 0 0 0))
      (scale (xyz 1 1 1))
      (rotate (xyz 0 0 0))
    )
  )

  (module Resistors_SMD:R_1206_HandSoldering (layer F.Cu) (tedit 58E0A804) (tstamp 5A91557D)
    (at 117.209121 118.641757 90)
    (descr "Resistor SMD 1206, hand soldering")
    (tags "resistor 1206")
    (path /5A922F2E)
    (attr smd)
    (fp_text reference R8 (at 0 -1.85 90) (layer F.SilkS)
      (effects (font (size 1 1) (thickness 0.15)))
    )
    (fp_text value 47k (at 0 1.9 90) (layer F.Fab)
      (effects (font (size 1 1) (thickness 0.15)))
    )
    (fp_text user %R (at 0 0 90) (layer F.Fab)
      (effects (font (size 0.7 0.7) (thickness 0.105)))
    )
    (fp_line (start -1.6 0.8) (end -1.6 -0.8) (layer F.Fab) (width 0.1))
    (fp_line (start 1.6 0.8) (end -1.6 0.8) (layer F.Fab) (width 0.1))
    (fp_line (start 1.6 -0.8) (end 1.6 0.8) (layer F.Fab) (width 0.1))
